975
314 486
854 309
716 175
298 175
874 575
863 735
809 549
530 578
480 406
31 344
96 241
594 371
416 415
98 18
104 184
74 439
21 92
382 557
244 407
49 168
945 931
843 642
817 485
225 692
262 224
26 272
92 103
115 45
161 175
305 80
709 826
233 684
410 892
167 409
848 66
921 246
602 90
630 333
722 406
754 99
21 464
432 236
353 107
45 244
157 92
113 433
543 810
149 193
196 797
760 789
49 197
283 14
124 151
178 744
170 99
884 668
205 542
647 732
83 46
51 324
130 753
19 50
832 740
130 414
743 939
764 300
402 393
265 371
334 329
115 190
333 97
25 129
559 958
323 284
131 97
574 245
700 462
518 811
519 222
495 509
142 61
322 131
406 230
4 5
77 489
852 182
35 18
1 2
514 703
165 102
713 167
61 497
314 132
504 345
139 6
931 542
267 770
519 893
729 235
267 386
647 721
2 16
139 668
386 388
163 195
418 395
774 380
255 249
73 284
513 118
132 228
221 276
150 36
520 968
553 204
83 825
248 319
760 951
346 423
176 581
121 15
324 709
795 17
23 89
28 1
87 527
78 223
453 146
750 577
80 247
97 79
674 815
64 72
61 766
41 209
523 119
13 14
912 826
36 203
412 177
821 54
157 290
162 130
833 232
12 59
435 68
781 18
362 689
39 239
360 106
895 651
605 604
202 677
540 829
566 155
78 16
48 106
558 782
11 349
536 160
651 762
961 828
547 887
900 3
479 149
741 349
209 253
148 25
652 858
754 791
216 315
563 19
181 3
733 562
1 346
167 401
739 225
777 694
683 32
538 410
348 32
163 69
19 87
828 157
743 228
298 362
10 84
48 1
507 124
596 955
471 354
112 43
689 941
28 38
514 905
188 740
90 18
101 33
330 182
9 178
390 183
391 725
667 175
384 234
754 932
374 437
72 577
92 95
166 9
632 243
82 18
235 94
392 609
651 693
29 57
626 877
808 416
707 868
302 846
376 43
671 66
919 704
98 300
496 362
99 172
966 361
718 703
3 8
512 45
61 364
963 578
262 812
217 327
768 131
417 664
844 572
299 552
526 340
112 543
339 372
27 26
372 869
172 800
770 954
374 302
34 46
529 894
238 638
196 9
276 358
117 838
758 226
373 431
672 37
246 415
576 467
24 10
865 67
293 515
26 205
687 383
20 140
436 181
834 301
99 8
21 26
261 292
656 195
127 17
77 950
215 794
98 498
471 896
910 630
159 427
890 564
458 545
907 468
82 153
675 10
587 468
751 268
975 732
589 164
742 214
86 342
411 824
56 27
17 20
43 67
143 343
320 48
358 569
917 362
421 922
586 635
408 261
593 42
93 117
285 306
85 70
936 80
704 518
184 451
33 382
94 772
124 110
82 637
68 1
391 15
282 397
76 225
597 41
251 210
532 203
180 603
520 349
64 22
414 915
286 494
45 164
870 554
38 240
250 608
147 267
682 600
582 336
580 862
378 376
4 1
180 534
12 41
30 33
258 138
106 192
62 43
599 237
37 179
262 393
286 648
555 256
767 934
66 525
201 465
647 349
134 556
174 641
546 735
596 765
660 559
43 4
25 39
771 338
214 836
181 232
826 871
568 426
778 493
604 137
210 521
21 4
752 70
204 308
12 7
122 212
249 174
551 159
20 30
124 841
91 345
210 40
51 229
261 91
686 531
52 882
570 509
749 179
971 678
897 949
128 948
100 49
745 139
338 70
238 304
206 530
31 47
42 45
145 572
55 74
83 107
746 576
823 359
103 256
1 138
405 473
46 58
111 155
202 60
107 445
450 785
147 548
814 781
88 158
628 198
904 815
679 402
151 567
633 350
214 299
186 39
434 260
450 217
642 115
279 403
646 260
109 97
294 559
493 69
289 398
98 128
736 761
777 925
238 201
539 611
617 375
262 851
62 66
879 903
42 25
50 81
52 601
73 86
363 804
944 355
867 168
1 3
391 620
32 688
516 377
243 169
840 228
666 657
790 686
942 415
436 658
22 2
46 697
153 217
22 152
696 508
230 248
114 19
2 6
34 2
920 49
67 185
716 960
528 342
940 855
665 813
549 55
350 428
270 131
394 243
220 518
268 670
738 572
767 614
160 926
444 245
520 562
340 125
320 583
361 607
248 281
66 79
256 816
552 644
801 155
41 52
263 19
212 880
487 190
592 385
873 546
118 460
637 897
286 291
130 626
651 539
533 759
75 15
649 540
235 596
913 625
54 13
157 452
411 375
477 416
953 209
346 368
714 724
332 91
710 32
287 99
39 387
603 654
906 551
243 859
46 400
33 120
610 166
788 183
747 674
245 36
350 246
22 44
309 18
10 13
187 695
959 49
16 18
799 610
237 28
28 40
109 756
268 238
178 341
279 246
458 310
375 13
965 841
399 805
336 55
511 580
802 246
403 798
10 5
655 625
354 263
793 202
250 13
369 7
911 376
448 35
209 219
230 367
220 430
731 308
619 678
585 16
861 378
339 180
239 517
99 200
97 705
174 727
184 511
849 530
726 202
24 119
681 470
379 9
231 38
326 145
159 85
730 461
921 929
148 169
784 514
284 510
723 222
313 847
591 481
231 760
139 503
974 702
123 216
20 76
612 719
522 535
86 171
517 537
135 796
612 76
544 431
616 134
143 93
22 187
969 903
737 324
532 584
25 1
218 7
259 295
707 630
481 524
573 465
23 199
328 467
40 271
330 629
108 214
623 580
650 345
194 50
924 398
190 260
845 522
473 857
194 215
217 706
116 357
514 64
122 119
483 185
759 899
579 550
437 547
55 3
469 287
96 264
35 80
717 255
368 776
8 15
322 470
441 240
916 56
962 146
973 463
509 645
85 783
561 12
221 125
107 864
18 130
495 586
201 18
99 113
211 105
636 152
820 625
424 77
167 103
19 16
389 205
780 304
37 23
615 181
714 37
699 327
310 47
63 495
230 446
621 526
232 631
160 377
206 84
321 148
380 830
23 12
831 172
422 35
24 29
277 220
9 361
947 669
107 457
671 839
533 488
490 380
105 133
146 690
189 156
32 10
203 417
482 416
665 221
797 866
335 196
565 92
282 186
7 606
443 191
14 669
806 650
208 57
964 433
435 957
113 285
318 79
102 60
720 478
262 381
818 3
497 622
380 245
48 118
32 154
2 17
225 366
141 133
481 169
99 116
488 320
383 270
712 257
23 708
598 128
278 29
489 694
886 466
88 288
152 856
317 365
51 134
117 588
220 529
835 803
474 439
171 313
392 1
30 329
11 51
575 67
923 468
385 191
150 275
10 352
881 214
438 218
93 395
444 505
6 269
462 927
377 850
236 763
918 871
541 88
100 663
29 454
327 970
398 773
404 29
754 901
398 500
3 60
6 36
748 349
311 595
111 639
180 296
425 273
475 402
13 88
769 64
49 442
164 564
399 391
506 659
23 160
478 558
466 107
792 279
234 231
486 928
468 391
116 224
305 476
757 178
96 92
868 872
53 10
108 640
11 499
176 118
702 201
303 58
571 379
550 156
43 803
136 88
8 9
28 370
568 876
715 79
4 71
185 560
908 99
807 790
46 70
36 65
170 311
102 293
694 787
273 174
405 312
133 456
315 531
31 891
302 58
492 435
337 304
488 879
77 837
13 930
156 117
432 855
521 736
220 286
614 165
491 218
422 662
691 676
147 118
420 299
25 69
419 263
653 264
226 501
55 680
58 93
248 373
485 161
108 49
289 140
351 842
685 728
463 240
522 299
304 502
312 155
307 55
64 110
66 104
126 124
472 341
440 946
429 52
455 399
539 283
376 676
331 60
786 81
177 220
208 233
39 77
148 222
447 600
129 701
24 132
84 91
462 25
137 123
889 744
933 773
253 266
254 132
145 37
266 827
207 43
323 619
257 52
73 41
49 22
308 652
120 177
37 355
316 269
149 44
822 31
744 967
484 462
230 50
4 63
125 20
416 698
359 114
860 321
575 618
132 204
374 643
711 421
540 197
11 4
174 149
440 314
422 657
534 853
546 196
161 116
935 909
31 23
343 410
136 347
183 114
846 909
449 404
283 506
661 105
396 113
226 39
596 883
182 59
12 94
274 13
317 162
43 173
385 447
356 186
554 133
478 365
972 882
61 34
51 242
914 840
144 133
624 1
325 271
634 67
792 938
227 70
73 236
532 937
2 246
755 441
952 185
917 956
459 192
